anchor_t: 4.0
box: 0.05
cls: 0.0017499999999999996
cls_pw: 1.0
copy_paste: 0.1
degrees: 0.2
fl_gamma: 1.0
fliplr: 0.5
flipud: 0.0
hsv_h: 0.015
hsv_s: 0.7
hsv_v: 0.4
iou_t: 0.2
label_smoothing: 0.0
lr0: 0.01
lrf: 0.1
mixup: 0.1
momentum: 0.937
mosaic: 1.0
obj: 0.7
obj_pw: 1.0
perspective: 0.0
scale: 0.9
shear: 0.0
translate: 0.1
warmup_bias_lr: 0.1
warmup_epochs: 3.0
warmup_momentum: 0.8
weight_decay: 0.0011250000000000001
